{continue_when_done: true, dummy_heading: 1.8221237390822003, dummy_latitude: 42.67836202,
  dummy_longitude: -83.1953647722, go_to_waypoints: true, heading_offset: 1.570795,
  pause: false, reset_waypoints: false, reverse_order: false, skip_waypoint: false,
  use_dummy: false, use_gpsd: false, way_10_latitude: 1.0, way_10_limit: 1.0, way_10_longitude: 1.0,
  way_10_priority: 0, way_1_latitude: 42.6792740667, way_1_limit: 1.0, way_1_longitude: -83.1953437389,
  way_1_priority: 2, way_2_latitude: 42.679483175, way_2_limit: 1.0, way_2_longitude: -83.1951832833,
  way_2_priority: 2, way_3_latitude: 42.6795551722, way_3_limit: 1.0, way_3_longitude: -83.19487315,
  way_3_priority: 1, way_4_latitude: 42.6792279861, way_4_limit: 1.0, way_4_longitude: -83.19499775,
  way_4_priority: 2, way_5_latitude: 42.6790792778, way_5_limit: 1.0, way_5_longitude: -83.1949846083,
  way_5_priority: 3, way_6_latitude: 42.6790180583, way_6_limit: 1.0, way_6_longitude: -83.1953296,
  way_6_priority: 3, way_7_latitude: 42.6788150972, way_7_limit: 1.0, way_7_longitude: -83.1951414722,
  way_7_priority: 3, way_8_latitude: 42.6787540917, way_8_limit: 1.0, way_8_longitude: -83.1948398694,
  way_8_priority: 4, way_9_latitude: 1.0, way_9_limit: 1.0, way_9_longitude: 1.0,
  way_9_priority: 0, waypoint_radius: 1.0}
