{
dummy_heading: 0.0, 
dummy_latitude: 0.0, 
dummy_longitude: 0.0,
go_to_waypoints: true,
reset_waypoints: false, 
skip_waypoint: false, 
use_dummy: false, 
use_gpsd: false, 
waypoint_radius: 1.0,
way_1_latitude: 42.67925735, 
way_1_longitude: -83.19528495,
way_1_priority: 1, 
way_2_latitude: 42.6794368527778, 
way_2_longitude: -83.1953943416667, 
way_2_priority: 1,
way_3_latitude: 42.6794269361111, 
way_3_longitude: -83.195071825, 
way_3_priority: 1, 
way_4_latitude: 42.6796226111111,
way_4_longitude: -83.1954184527778, 
way_4_priority: 1, 
way_5_latitude: 42.6796049527778, 
way_5_longitude: -83.1950961305556,
way_5_priority: 1, 
way_6_latitude: 42.6794385777778, 
way_6_longitude: -83.1956102333333, 
way_6_priority: 0,
way_7_latitude: 42.6793489722222, 
way_7_longitude: -83.1955915472222, 
way_7_priority: 0, 
way_8_latitude: 42.6792584805556,
way_8_longitude: -83.1955799388889, 
way_8_priority: 0, 
way_9_latitude: 42.6791223472222, 
way_9_longitude: -83.1955398333333,
way_9_priority: 0, 
way_10_latitude: 42.6791746194444,
way_10_longitude: -83.1949312555556, 
way_10_priority: 0 
}
