{
dummy_heading: 0.0, 
dummy_latitude: 0.0, 
dummy_longitude: 0.0,
go_to_waypoints: true,
reset_waypoints: false, 
skip_waypoint: false, 
use_dummy: false, 
use_gpsd: false, 
waypoint_radius: 1.0,
way_1_latitude: 42.6790226722222, 
way_1_longitude: -83.1954838166667,
way_1_priority: 1, 
way_2_latitude: 42.6788556083333, 
way_2_longitude: -83.1951650833333, 
way_2_priority: 2,
way_3_latitude: 42.6787540472222, 
way_3_longitude: -83.1949791083333, 
way_3_priority: 3, 
way_4_latitude: 42.6786065,
way_4_longitude: -83.1947678555556, 
way_4_priority: 4, 
way_5_latitude: 42.6785923083333, 
way_5_longitude: -83.1954888277778,
way_5_priority: 5, 
way_6_latitude: 42.6790226722222, 
way_6_longitude: -83.1954838166667, 
way_6_priority: 6,
way_7_latitude: 1.0, 
way_7_longitude: 1.0, 
way_7_priority: 0, 
way_8_latitude: 1.0,
way_8_longitude: 1.0, 
way_8_priority: 0, 
way_9_latitude: 1.0, 
way_9_longitude: 1.0,
way_9_priority: 0, 
way_10_latitude: 1.0,
way_10_longitude: 1.0, 
way_10_priority: 0 
}
